    0.990 ::  sicaa.evec
sample:                I3122
   -0.094106295    -0.019737790 
   -0.094106436    -0.019739079 
    0.000091541     0.000004759
    0.000004759     0.000222980
ellcoords: -0.0941 -0.0197     0.036565194     0.023397427    -1.534647054 ::     0.990
sample:               I11442
   -0.061346222    -0.019552895 
   -0.061343762    -0.019555191 
    0.000092508     0.000018624
    0.000018624     0.000231191
ellcoords: -0.0613 -0.0196     0.037415149     0.023227974    -1.439596300 ::     0.990
sample:                I7796
   -0.046873995    -0.045907875 
   -0.046872172    -0.045907252 
    0.000190345     0.000000607
    0.000000607     0.000431864
ellcoords: -0.0469 -0.0459     0.050867535     0.033770263    -1.568280598 ::     0.990
sample:                I7800
   -0.066846646    -0.031999605 
   -0.066842606    -0.031999713 
    0.000493265    -0.000001972
   -0.000001972     0.001097022
ellcoords: -0.0668 -0.0320     0.081072843     0.054363011     1.567529274 ::     0.990
sample:                I7807
   -0.073119168    -0.032956599 
   -0.073121562    -0.032957419 
    0.000182508     0.000011397
    0.000011397     0.000423180
ellcoords: -0.0731 -0.0330     0.050385437     0.033019081    -1.523582242 ::     0.990
