    0.950 ::  sicaa.evec
sample:                I3122
   -0.094106295    -0.019737790 
   -0.094106436    -0.019739079 
    0.000059549     0.000003096
    0.000003096     0.000145052
ellcoords: -0.0941 -0.0197     0.029491478     0.018871080    -1.534647054 ::     0.950
sample:               I11442
   -0.061346222    -0.019552895 
   -0.061343762    -0.019555191 
    0.000060178     0.000012115
    0.000012115     0.000150393
ellcoords: -0.0613 -0.0196     0.030177005     0.018734409    -1.439596300 ::     0.950
sample:                I7796
   -0.046873995    -0.045907875 
   -0.046872172    -0.045907252 
    0.000123822     0.000000395
    0.000000395     0.000280934
ellcoords: -0.0469 -0.0459     0.041026961     0.027237240    -1.568280598 ::     0.950
sample:                I7800
   -0.066846646    -0.031999605 
   -0.066842606    -0.031999713 
    0.000320876    -0.000001283
   -0.000001283     0.000713629
ellcoords: -0.0668 -0.0320     0.065388904     0.043846220     1.567529274 ::     0.950
sample:                I7807
   -0.073119168    -0.032956599 
   -0.073121562    -0.032957419 
    0.000118724     0.000007414
    0.000007414     0.000275285
ellcoords: -0.0731 -0.0330     0.040638127     0.026631378    -1.523582242 ::     0.950
